 84 3 86
 3 5 88
 86 3 88
 88 5 67
 67 5 71
 3 84 68
 71 5 72
 0 3 37
 3 68 37
 84 86 63
 68 84 63
 37 68 8
 68 63 8
 72 5 73
 86 88 44
 63 86 44
 8 63 70
 63 44 70
 37 8 35
 8 70 35
 37 35 57
 73 5 74
 71 72 62
 72 73 62
 44 88 77
 35 70 10
 10 70 42
 70 44 42
 44 77 42
 42 77 12
 10 42 12
 73 74 18
 62 73 18
 12 77 9
 35 10 51
 62 18 39
 51 10 14
 10 12 14
 12 9 14
 62 39 53
 88 67 53
 77 88 53
 67 71 53
 71 62 53
 57 35 90
 35 51 90
 74 5 75
 39 18 31
 39 31 15
 31 18 17
 15 31 17
 18 74 17
 74 75 17
 14 9 24
 24 9 29
 9 77 29
 77 53 29
 29 53 28
 53 39 28
 90 51 78
 51 14 78
 39 15 38
 28 39 38
 17 75 76
 14 24 33
 78 14 33
 24 29 33
 38 15 34
 15 17 34
 17 76 34
 34 76 54
 34 54 60
 38 34 60
 76 75 40
 75 5 40
 29 28 25
 25 28 64
 28 38 64
 38 60 64
 60 54 59
 64 60 59
 54 76 32
 57 90 1
 0 37 1
 37 57 1
 76 40 6
 32 76 6
 25 64 20
 64 59 20
 59 54 27
 54 32 27
 32 27 27
 27 54 27
 27 6 27
 6 40 48
 59 27 56
 27 27 56
 20 59 56
 25 20 23
 22 33 23
 33 29 23
 29 25 23
 56 27 30
 27 32 30
 6 27 30
 32 6 30
 27 6 30
 6 48 30
 20 56 82
 23 20 82
 22 23 11
 56 30 46
 82 56 46
 22 11 65
 78 33 65
 33 22 65
 90 78 65
 30 48 47
 46 30 47
 11 23 36
 65 11 79
 11 36 79
 1 90 49
 90 65 49
 65 79 66
 49 65 66
 79 36 55
 66 79 16
 79 55 16
 55 36 19
 23 82 19
 36 23 19
 16 55 41
 55 19 41
 46 47 45
 49 66 13
 66 16 13
 16 41 21
 13 16 21
 41 19 61
 21 41 61
 19 82 61
 1 49 26
 49 13 26
 82 46 89
 46 45 89
 21 61 50
 13 21 69
 21 50 69
 26 13 43
 13 69 43
 82 89 87
 43 69 52
 69 50 52
 61 82 85
 82 87 85
 50 61 83
 61 85 83
 50 83 81
 52 50 80
 50 81 80
 1 26 2
 26 43 2
 43 52 4
 2 43 4
 52 80 4
 80 81 4
 85 87 7
 83 85 7
 81 83 7
 4 81 7
 87 89 7
 89 45 7
 45 47 7
 47 48 7
 5 6 40
 6 7 48